
grad info [5, 2, (-1.0667176494301263e-16+0j), (0.024277254641559685+0j), (0.024277254641559685+0j), 0, 0]
energy info [0, 0, -0.00021164410253016186, -0.00021164410253016186, 2.220446049250313e-16, 1, 5]
A info [1, 1, 0.26672684516805373, 0.34820499294947593, 0.7084346916968716, 2, 4]
Ha info [1, 1, -0.8146791494179821, -0.7334126457390904, -0.37297130288916447, 2, 4]
Hc info [1, 1, -0.26672684516805373, -0.3479933488469454, -0.43450459396805424, 4, 4]

grad info [3, 2, (-1.5465469450557453e-17+0j), (-0.0012310732868803026+0j), (-0.0012310732868803026+0j), 0, 0]
energy info [0, 0, -4.359096521522332e-07, -4.359096521522332e-07, 2.220446049250313e-16, 2, 3]
A info [2, 1, 0.2668920426168292, 0.4345918327778485, 0.7085405137481369, 1, 1]
Ha info [2, 1, -0.814725636659637, -0.6470262418203703, -0.37307712494042966, 1, 1]
Hc info [2, 1, -0.26689200202892943, -0.4345913968681962, -0.7085405137481369, 1, 1]

grad info [4, 2, (1.8960191891829407e-08+0j), (0.002467140280079447+2.1665547651590024e-37j), (0.002467140280079447+2.1665547651590024e-37j), 0, 0]
energy info [0, 0, -1.7507179166376119e-06, -1.7507179166376119e-06, 1.1102230246251565e-15, 2, 4]
A info [3, 1, 0.26687963221786176, 0.43459267196949836, 0.7085405179500047, 1, 1]
Ha info [2, 1, -0.8147384839970754, -0.6470271543406053, -0.37307756375315776, 2, 2]
Hc info [2, 1, -0.26687959159511054, -0.4345909212515807, -0.7085405118390282, 2, 2]

grad info [5, 2, (-1.9825017169110336e-08+4.217780330975737e-35j), (0.0007413585196813044-3.7405033345355025e-35j), (0.0007413585196813044-3.7405033345355025e-35j), 0, 0]
energy info [0, 0, -2.585177898417612e-07, -2.585177898417612e-07, -4.6629367034256575e-15, 1, 5]
A info [0, 0, 0.2657518859455512, 0.2657518859455512, 0.7088311226283479, 2, 5]
Ha info [0, 0, -0.8175730816866379, -0.8175730816866379, -0.3744935864860515, 2, 5]
Hc info [0, 0, -0.26575162742776115, -0.26575162742776115, -0.3492420444081637, 5, 5]

grad info [5, 1, (-3.9541655190493364e-07+0j), (-4.835259836423913e-05-8.911796131745844e-23j), (-4.835259836423913e-05-8.911796131745844e-23j), 0, 0]
energy info [0, 0, -4.1229353264782276e-10, -4.1229353264782276e-10, -7.349676423018536e-14, 1, 5]
A info [5, 1, 0.2657514709328656, 0.7088308225816741, 0.7088308225816741, 0, 0]
Ha info [5, 1, -0.8175734968801944, -0.37449414564360617, -0.37449414564360617, 0, 0]
Hc info [5, 1, -0.26575147093279206, -0.70883082216938, -0.70883082216938, 0, 0]

grad info [5, 2, (-1.2703664115595504e-07+1.888946413820322e-20j), (-1.1888893190437565e-06+8.222938429207585e-25j), (-1.1888893190437565e-06+8.222938429207585e-25j), 0, 0]
energy info [0, 0, -6.641354133307686e-13, -6.641354133307686e-13, -4.884981308350689e-15, 2, 5]
A info [0, 0, 0.26575092796830374, 0.26575092796830374, 0.7088307989684292, 2, 5]
Ha info [0, 0, -0.8175740402599434, -0.8175740402599434, -0.3744941692593228, 2, 5]
Hc info [0, 0, -0.2657509279676389, -0.2657509279676389, -0.3492428519943228, 5, 5]

grad info [5, 1, (-7.928822554619398e-07+1.6564170763595634e-20j), (-5.177166791184469e-06+4.21090621071084e-20j), (-5.177166791184469e-06+4.21090621071084e-20j), 0, 0]
energy info [0, 0, -7.69584396209666e-12, -7.69584396209666e-12, -2.9531932455029164e-13, 1, 5]
A info [3, 1, 0.26575094701966606, 0.43534760425954644, 0.7088307942086884, 2, 2]
Ha info [3, 1, -0.8175740211986581, -0.6479773639661781, -0.3744941740108577, 2, 2]
Hc info [3, 1, -0.26575094701937035, -0.4353476042518506, -0.708830794207171, 2, 2]

grad info [5, 5, (4.055423902167927e-07+1.5669861209348644e-20j), (-0.002726225249138298+4.403674069057055e-21j), (-0.002726225249138298+4.403674069057055e-21j), 0, 0]
energy info [0, 0, -1.3096179554139553e-06, -1.3096179554139553e-06, -5.861977570020827e-14, 5, 5]
A info [5, 1, 0.26573973725218164, 0.7093968643595526, 0.7093968643595526, 0, 0]
Ha info [5, 1, -0.8176026241514636, -0.37394646886189953, -0.37394646886189953, 0, 0]
Hc info [5, 1, -0.26573939945203245, -0.7093955547415971, -0.7093955547415971, 0, 0]

grad info [5, 4, (8.669398390712341e-07-8.465076425046728e-22j), (0.0026921727911183736-2.3089036758980707e-22j), (0.0026921727911183736-2.3089036758980707e-22j), 0, 0]
energy info [0, 0, -3.4096907406411248e-06, -3.4096907406411248e-06, -2.1582735598713043e-13, 4, 5]
A info [0, 0, 0.2657074127607491, 0.2657074127607491, 0.709527299469642, 2, 5]
Ha info [0, 0, -0.8176406015994446, -0.8176406015994446, -0.3738173052017675, 2, 5]
Hc info [0, 0, -0.2657040030700079, -0.2657040030700079, -0.3486619889734783, 5, 5]

grad info [5, 2, (1.944328757900061e-06-2.336606951842934e-19j), (0.015169433895940141-3.9784717604713187e-20j), (0.015169433895940141-3.9784717604713187e-20j), 0, 0]
energy info [0, 0, -6.519399802362713e-05, -6.519399802362713e-05, -1.0742517986273015e-12, 3, 5]
A info [3, 1, 0.25891873800006965, 0.44123832855239553, 0.7083992631963673, 1, 2]
Ha info [3, 1, -0.8380483902924155, -0.6557939937338635, -0.38856786509609187, 1, 2]
Hc info [3, 1, -0.2589187379958209, -0.441173134554373, -0.4423743924618798, 2, 2]

grad info [5, 3, (-1.2451443773351528e-07-1.2749136373713285e-20j), (0.0009762860901474843-6.852197788523717e-20j), (0.0009762860901474843-6.852197788523717e-20j), 0, 0]
energy info [0, 0, -3.22154962706378e-07, -3.22154962706378e-07, -3.774758283725532e-15, 3, 5]
A info [1, 1, 0.2614368933100435, 0.36982782140100223, 0.7084413542738192, 2, 4]
Ha info [1, 1, -0.8374388942046751, -0.7290482800941596, -0.3904344250755335, 2, 4]
Hc info [1, 1, -0.2614368851355237, -0.36982749924603925, -0.4413297113011009, 4, 4]

grad info [5, 3, (-5.223696909559955e-07-6.546261774846483e-19j), (0.0001389066728948418-6.037762781015555e-20j), (0.0001389066728948418-6.037762781015555e-20j), 0, 0]
energy info [0, 0, -9.225352037844914e-09, -9.225352037844914e-09, -5.617728504603292e-14, 2, 5]
A info [0, 0, 0.26144077938141125, 0.26144077938141125, 0.7084451677123683, 2, 5]
Ha info [0, 0, -0.8374367459120962, -0.8374367459120962, -0.3904323483558433, 2, 5]
Hc info [0, 0, -0.26144077015606004, -0.26144077015606004, -0.36980523705814644, 5, 5]

grad info [5, 2, (1.3941977961419265e-06-9.10297120107751e-19j), (5.560242959612785e-05-8.517058585516546e-19j), (5.560242959612785e-05-8.517058585516546e-19j), 0, 0]
energy info [0, 0, -8.699712061854825e-10, -8.699712061854825e-10, -5.484501741648273e-13, 2, 5]
A info [4, 1, 0.26145839957420036, 0.44421428756784487, 0.7084401998878401, 1, 1]
Ha info [4, 1, -0.837421236927366, -0.6546653497937149, -0.39043943661489017, 1, 1]
Hc info [4, 1, -0.2614583995642228, -0.4442142866978734, -0.7084401998766983, 1, 1]

grad info [5, 4, (-1.0119168653986883e-06-4.16449458095022e-18j), (0.0004165771510538912-7.854223947785472e-19j), (0.0004165771510538912-7.854223947785472e-19j), 0, 0]
energy info [0, 0, -3.059962017104567e-08, -3.059962017104567e-08, -3.448352714485736e-13, 4, 5]
A info [5, 1, 0.26138625621791634, 0.708899830303064, 0.708899830303064, 0, 0]
Ha info [5, 1, -0.837653405874794, -0.3901398465590971, -0.3901398465590971, 0, 0]
Hc info [5, 1, -0.2613862403877466, -0.7088997997034434, -0.7088997997034434, 0, 0]

grad info [5, 4, (1.3151201647423026e-06-1.185206281431737e-19j), (0.0001533175125551533+3.257465338483122e-20j), (0.0001533175125551533+3.257465338483122e-20j), 0, 0]
energy info [0, 0, -1.1241404473949501e-08, -1.1241404473949501e-08, -5.828670879282072e-13, 4, 5]
A info [0, 0, 0.26138036977435797, 0.26138036977435797, 0.7089008580907606, 2, 5]
Ha info [0, 0, -0.8376619852795291, -0.8376619852795291, -0.3901414857235085, 2, 5]
Hc info [0, 0, -0.26138035853295327, -0.26138035853295327, -0.3707294079462456, 5, 5]

grad info [5, 1, (9.348301840046182e-07+5.891362363843792e-20j), (-3.72732467634339e-05+3.475698518806308e-19j), (-3.72732467634339e-05+3.475698518806308e-19j), 0, 0]
energy info [0, 0, -3.933486869556191e-10, -3.933486869556191e-10, -3.3373304120232206e-13, 2, 5]
A info [2, 1, 0.26138728682104395, 0.44149661644319627, 0.7088814555523403, 1, 3]
Ha info [2, 1, -0.8376650469977808, -0.6575557177685584, -0.39017087826742225, 1, 3]
Hc info [2, 1, -0.26138728682062606, -0.44149661604984813, -0.44244693734915963, 3, 3]

grad info [5, 2, (-4.488488255531033e-06-1.238458479067546e-19j), (-8.593588204235114e-05+7.690545713858996e-20j), (-8.593588204235114e-05+7.690545713858996e-20j), 0, 0]
energy info [0, 0, -2.4916060326063416e-09, -2.4916060326063416e-09, -5.704992034338829e-12, 2, 5]
A info [1, 1, 0.26136394651533135, 0.37049282424778945, 0.7090497594768288, 2, 4]
Ha info [1, 1, -0.8377001181655507, -0.7285712428474017, -0.39001430513406565, 2, 4]
Hc info [1, 1, -0.261363946438035, -0.37049282175618387, -0.44249025082871984, 4, 4]
repeats 1
optimal op IXZY	(1+0j)

time 3844.274842739105
finished 16
result info:
-1.0990640871395383
[ 2.73365318 -1.61665661 -1.70729517  0.09954858 -1.39761004 -2.73135651
  0.62621773 -1.40195717 -1.17674681  2.75708279 -0.57416055  1.05181838
  3.06625092  0.71238461  1.57512573  0.4030481   1.5971329  -2.64874908]
