
grad info [5, 1, (8.632649661102938e-18+0j), (0.06698689139410065+0j), (0.06698689139410065+0j), 0, 0]
energy info [0, 0, -0.0015050788363653034, -0.0015050788363653034, 0.0, 1, 5]
A info [1, 1, 0.34820499294944035, 0.37342767030045143, 1.5086227166923805, 2, 4]
Ha info [1, 1, -0.7334126457391298, -0.7094834031219526, 0.427216722106342, 2, 4]
Hc info [1, 1, -0.3479933488469086, -0.37192259146408596, -1.5086227166923805, 4, 4]

grad info [5, 2, (-6.88985889868432e-09+0j), (0.033594503545345836+0j), (0.033594503545345836+0j), 0, 0]
energy info [0, 0, -0.00040408145326620293, -0.00040408145326620293, 2.220446049250313e-16, 2, 5]
A info [0, 0, 0.349324309063331, 0.349324309063331, 1.5070852498812044, 2, 5]
Ha info [0, 0, -0.7339908458123394, -0.7339908458123394, 0.4241734798438589, 2, 5]
Hc info [0, 0, -0.34892022761006425, -0.34892022761006425, -0.3734276703004513, 5, 5]

grad info [5, 2, (2.7054303028753446e-08+0j), (0.013602635399579451+0j), (0.013602635399579451+0j), 0, 0]
energy info [0, 0, -5.308502291923034e-05, -5.308502291923034e-05, -8.881784197001252e-16, 2, 5]
A info [2, 1, 0.349364021063994, 0.435723090333403, 1.5063889497003495, 2, 3]
Ha info [2, 1, -0.733959461201103, -0.6476534769546123, 0.4230648647404256, 2, 3]
Hc info [2, 1, -0.3493640210639938, -0.4356700053104843, -1.5063883470055222, 3, 3]

grad info [5, 3, (-2.9752170187407782e-08+7.252211178002445e-21j), (0.0027990717945395086+5.2898100945373514e-23j), (0.0027990717945395086+5.2898100945373514e-23j), 0, 0]
energy info [0, 0, -6.502299221278207e-07, -6.502299221278207e-07, -1.1102230246251565e-15, 2, 5]
A info [5, 3, 0.3485787999469251, 1.5061604234666472, 1.5061604234666472, 0, 0]
Ha info [5, 3, -0.734799293645187, 0.422781679644613, 0.422781679644613, 0, 0]
Hc info [5, 1, -0.4618424964962094, -1.506159773236725, -1.506159773236725, 0, 0]

grad info [5, 3, (4.030972247210407e-07-2.1577195877167172e-21j), (6.530025215514129e-05+1.7485681238629832e-33j), (6.530025215514129e-05+1.7485681238629832e-33j), 0, 0]
energy info [0, 0, -1.4263346059806281e-09, -1.4263346059806281e-09, -3.774758283725532e-14, 4, 5]
A info [1, 1, 0.34859189532494317, 0.3736959739799815, 1.506157740003843, 3, 4]
Ha info [1, 1, -0.7347868529661347, -0.7096827757373722, 0.4227789917127861, 3, 4]
Hc info [1, 1, -0.34859189532488494, -0.3736959725536473, -1.5061577400038058, 4, 4]

grad info [5, 3, (-8.332041669025653e-09-2.499492082817809e-21j), (-0.0008844355127744564-1.2966708177539484e-21j), (-0.0008844355127744564-1.2966708177539484e-21j), 0, 0]
energy info [0, 0, -2.1103435798863757e-07, -2.1103435798863757e-07, 2.220446049250313e-16, 3, 5]
A info [4, 3, 0.34972747734416715, 0.4633287924983568, 1.5040250067849792, 1, 1]
Ha info [4, 3, -0.7353084886911709, -0.6217073845713396, 0.41898904074963006, 1, 1]
Hc info [4, 1, -0.4631975964442019, -0.4633285814639987, -1.504025006784968, 1, 1]

grad info [5, 3, (-4.822232399932444e-06+5.996395854958022e-19j), (0.0001689017233838437-1.7885811404649432e-19j), (0.0001689017233838437-1.7885811404649432e-19j), 0, 0]
energy info [0, 0, -7.698605086758903e-09, -7.698605086758903e-09, -6.955769293881531e-12, 2, 5]
A info [3, 2, 0.34973230982353326, 0.4631974147362811, 1.5040224688840225, 2, 2]
Ha info [3, 2, -0.7353038672818766, -0.6218387700594227, 0.41898629177723845, 2, 2]
Hc info [3, 1, -0.4364228088536505, -0.46319740703767587, -1.5040224688743367, 2, 2]

grad info [5, 1, (-6.376564591049308e-07+8.364434730418224e-20j), (6.724083916520096e-05-2.869140039585638e-20j), (6.724083916520096e-05-2.869140039585638e-20j), 0, 0]
energy info [0, 0, -1.2949992189703607e-09, -1.2949992189703607e-09, -1.1057821325266559e-13, 1, 5]
A info [2, 1, 0.3497184613576885, 0.4364223818087889, 1.5040136968617184, 3, 3]
Ha info [2, 1, -0.735318232239444, -0.6486143130797329, 0.41897700318071107, 3, 3]
Hc info [2, 1, -0.34971846135407914, -0.43642238051379045, -1.504013696774234, 3, 3]

grad info [5, 2, (1.1344501000837975e-07-1.6424452715848489e-19j), (-0.0001795254499051956-6.283271924595342e-20j), (-0.0001795254499051956-6.283271924595342e-20j), 0, 0]
energy info [0, 0, -8.694538644604677e-09, -8.694538644604677e-09, -4.440892098500626e-15, 2, 5]
A info [4, 3, 0.35031067833361657, 0.463356795461078, 1.5039290169845816, 1, 1]
Ha info [4, 3, -0.7347502846651048, -0.6217041762312359, 0.41886805398148885, 1, 1]
Hc info [4, 1, -0.4632273277194526, -0.46335678676653963, -1.5039290169792645, 1, 1]

grad info [5, 2, (1.2516320470946397e-06+3.7829167688098635e-19j), (-0.0009547300229249274-1.5133569320250718e-19j), (-0.0009547300229249274-1.5133569320250718e-19j), 0, 0]
energy info [0, 0, -7.576112026619342e-08, -7.576112026619342e-08, -5.584421813864537e-13, 2, 5]
A info [5, 3, 0.3502543521092574, 1.5039202118645476, 1.5039202118645476, 0, 0]
Ha info [5, 3, -0.7348069478569267, 0.4188588361378016, 0.4188588361378016, 0, 0]
Hc info [5, 1, -0.463219893365193, -1.5039201361034273, -1.5039201361034273, 0, 0]

grad info [5, 3, (3.507889333805741e-07+5.739369700023455e-21j), (2.50475478598808e-05+1.5870620489922572e-19j), (2.50475478598808e-05+1.5870620489922572e-19j), 0, 0]
energy info [0, 0, -1.6924572854293274e-10, -1.6924572854293274e-10, -1.0880185641326534e-14, 3, 5]
A info [4, 3, 0.3502951111614317, 0.46336335476874646, 1.503917033976244, 1, 1]
Ha info [4, 3, -0.7347665978383358, -0.6216983543951609, 0.41885532498157174, 1, 1]
Hc info [4, 1, -0.4632201540988875, -0.4633633545995003, -1.5039170339762338, 1, 1]

grad info [5, 2, (7.295817029306288e-08+8.71914269856988e-21j), (-1.0802680266128878e-05-6.48889809528103e-21j), (-1.0802680266128878e-05-6.48889809528103e-21j), 0, 0]
energy info [0, 0, -3.860134434319207e-11, -3.860134434319207e-11, -1.3322676295501878e-15, 2, 5]
A info [1, 1, 0.3502817775425962, 0.3778902390613871, 1.5039077661412537, 3, 4]
Ha info [1, 1, -0.7347825927534477, -0.7071741312712626, 0.41884339584521846, 3, 4]
Hc info [1, 1, -0.35028177754060047, -0.3778902390227853, -1.5039077661392664, 4, 4]

grad info [5, 2, (6.818795435089772e-07+3.432748108958223e-20j), (-0.0019314019661073835-2.999985882120906e-19j), (-0.0019314019661073835-2.999985882120906e-19j), 0, 0]
energy info [0, 0, -1.3213533249789577e-06, -1.3213533249789577e-06, -1.341149413747189e-13, 2, 5]
A info [0, 0, 0.35288825371401256, 0.35288825371401256, 1.4978832105299384, 3, 5]
Ha info [0, 0, -0.7327619522807328, -0.7327619522807328, 0.4122342926362704, 3, 5]
Hc info [0, 0, -0.3528869323606878, -0.3528869323606878, -0.3806537254105604, 5, 5]

grad info [5, 2, (9.668197846822262e-07+5.945095837782078e-19j), (0.0026266124340226828-2.1207801441336987e-19j), (0.0026266124340226828-2.1207801441336987e-19j), 0, 0]
energy info [0, 0, -1.8714940777098121e-06, -1.8714940777098121e-06, -3.355093980417223e-13, 2, 5]
A info [3, 2, 0.3487547913478616, 0.46080207873949713, 1.4945793478134572, 2, 2]
Ha info [3, 2, -0.7372935693965161, -0.625248153498623, 0.40853098337059524, 2, 2]
Hc info [3, 1, -0.4345161403961608, -0.46080020724542003, -1.494579344114638, 2, 2]

grad info [5, 1, (6.639987537111671e-07+1.871873966687525e-19j), (-0.0005026355945581395-1.4177855675312925e-19j), (-0.0005026355945581395-1.4177855675312925e-19j), 0, 0]
energy info [0, 0, -6.84959833296972e-08, -6.84959833296972e-08, -1.199040866595169e-13, 1, 5]
A info [4, 3, 0.3487097181333385, 0.4610536052409261, 1.4945226710390378, 1, 1]
Ha info [4, 3, -0.7373448570358082, -0.6250010383261053, 0.408468095900275, 1, 1]
Hc info [4, 1, -0.46076461342615305, -0.461053536744943, -1.4945226709713233, 1, 1]

grad info [5, 2, (-1.1367653514933332e-06+1.229193170163219e-19j), (0.0007181883924951521-1.2656120477102413e-19j), (0.0007181883924951521-1.2656120477102413e-19j), 0, 0]
energy info [0, 0, -1.459526699498781e-07, -1.459526699498781e-07, -3.4416913763379853e-13, 2, 5]
A info [2, 1, 0.371245337754466, 0.44174821635711764, 1.4941791684768753, 2, 3]
Ha info [2, 1, -0.7278041595838513, -0.6573014140232776, 0.39512968257428704, 2, 3]
Hc info [2, 1, -0.3712453248438739, -0.44174807040444786, -1.494179167002012, 3, 3]

grad info [5, 1, (-8.407147519522845e-07-7.99887693279722e-20j), (-4.377891556041954e-06+4.599001047578581e-19j), (-4.377891556041954e-06+4.599001047578581e-19j), 0, 0]
energy info [5, 1, -6.09912120808076e-12, -5.10747000248557e-12, -1.9984014443252818e-13, 1, 4]
A info [4, 2, 0.3705067923493006, 0.46901505936317367, 1.493899891324123, 1, 1]
Ha info [4, 2, -0.7285572959525474, -0.6300490289404969, 0.3948358030252676, 1, 1]
Hc info [4, 1, -0.44144311784538803, -0.46901505935806564, -1.4938998913238304, 1, 1]
repeats 1
optimal op IXYI	(1+0j)

time 3275.466055393219
finished 16
result info:
-1.0990640885476546
[ 1.68914328 -0.78906194  0.25148793 -1.2058271   0.76103576  3.05107531
 -3.13425703 -0.8512138   2.4989214  -0.00874741  1.07678889 -0.76954841
 -0.66989996  1.20096868 -2.64550056  2.35945077  3.10630887  1.85131787]
