
grad info [5, 1, (8.632649661090368e-18+0j), (0.02427725464152045+0j), (0.02427725464152045+0j), 0, 0]
energy info [0, 0, -0.00021164410252971777, -0.00021164410252971777, 2.220446049250313e-16, 1, 5]
A info [1, 1, 0.26672684516805234, 0.3482049929494983, 1.5086227166923767, 2, 4]
Ha info [1, 1, -0.8146791494179859, -0.73341264573907, 0.4272167221063382, 2, 4]
Hc info [1, 1, -0.26672684516805234, -0.3479933488469684, -0.43450459396805663, 4, 4]

grad info [5, 1, (2.2039219889184725e-08+0j), (-0.0042702322135047995+0j), (-0.0042702322135047995+0j), 0, 0]
energy info [0, 0, -1.5110729107981058e-06, -1.5110729107981058e-06, 0.0, 1, 5]
A info [5, 2, 0.26689204244176484, 1.5084391495756166, 1.5084391495756166, 0, 0]
Ha info [5, 2, -0.8147256368345834, 0.42681999981413765, 0.42681999981413765, 0, 0]
Hc info [5, 1, -0.3482049929494982, -1.5084376385027058, -1.5084376385027058, 0, 0]

grad info [4, 3, (-6.341204903039462e-08+3.1679386635588476e-35j), (-0.0012394693770279104+1.3866682076759024e-35j), (-0.0012394693770279104+1.3866682076759024e-35j), 0, 0]
energy info [0, 0, -4.418753640766937e-07, -4.418753640766937e-07, -6.661338147750939e-16, 3, 4]
A info [2, 2, 0.26689221758473186, 0.4345923205538426, 1.5084349841902582, 2, 2]
Ha info [2, 2, -0.8147269841846788, -0.6470272818637621, 0.42681582364801685, 2, 2]
Hc info [2, 1, -0.3481855714172795, -0.4345918786784789, -1.5084349841902578, 2, 2]

grad info [5, 4, (-3.560560553751528e-08-4.451210952742666e-25j), (0.0024839010479117928-1.3334172634747249e-24j), (0.0024839010479117928-1.3334172634747249e-24j), 0, 0]
energy info [0, 0, -1.7745840885652342e-06, -1.7745840885652342e-06, -8.881784197001252e-16, 3, 5]
A info [3, 2, 0.2668797166998161, 0.4345931714049114, 1.5084333831880263, 2, 2]
Ha info [2, 2, -0.8147399279931068, -0.6470282066102404, 0.4268137797569621, 2, 3]
Hc info [2, 1, -0.34811153757630486, -0.43459139682082376, -0.43459223817934384, 3, 3]

grad info [5, 5, (2.914137852244288e-07+7.698803177134098e-24j), (0.0007416096749084896+4.858282003501404e-24j), (0.0007416096749084896+4.858282003501404e-24j), 0, 0]
energy info [0, 0, -2.5869283803992005e-07, -2.5869283803992005e-07, -2.5979218776228663e-14, 4, 5]
A info [0, 0, 0.2657520312484379, 0.2657520312484379, 1.5063801537681418, 3, 5]
Ha info [0, 0, -0.8175735502689436, -0.8175735502689436, 0.4230548309435132, 3, 5]
Hc info [0, 0, -0.2657517725555998, -0.2657517725555998, -0.43534886644465975, 5, 5]

grad info [5, 3, (1.4360135520421428e-07+1.6099711520921905e-23j), (-0.00022454312027563275-2.829474964900296e-19j), (-0.00022454312027563275-2.829474964900296e-19j), 0, 0]
energy info [0, 0, -1.8046784955316753e-08, -1.8046784955316753e-08, -1.2434497875801753e-14, 2, 5]
A info [1, 1, 0.2657515990691089, 0.3492285211802142, 1.5063779454424149, 2, 4]
Ha info [1, 1, -0.8175739826112228, -0.7340970785468918, 0.42305236376208144, 2, 4]
Hc info [1, 1, -0.26575159906909923, -0.34922850313342996, -0.43534808142784287, 4, 4]

grad info [5, 1, (-5.497616827491921e-07-1.7755220699938408e-19j), (-0.01598081544737171-4.973858015522924e-19j), (-0.01598081544737171-4.973858015522924e-19j), 0, 0]
energy info [0, 0, -7.242168437815444e-05, -7.242168437815444e-05, -1.0058620603103918e-13, 1, 5]
A info [3, 2, 0.25910065829004153, 0.4408338541078979, 1.498631563215337, 2, 2]
Ha info [2, 2, -0.837827140756312, -0.6561663666116309, 0.4017037641727861, 2, 3]
Hc info [2, 1, -0.3710724896045777, -0.4407614324235194, -0.44080012883680664, 3, 3]

grad info [5, 3, (9.46007424461803e-07-7.36242970633079e-20j), (-0.0036177535289620105-2.3549149808635918e-20j), (-0.0036177535289620105-2.3549149808635918e-20j), 0, 0]
energy info [0, 0, -6.265497016766375e-06, -6.265497016766375e-06, -2.5290880500961066e-13, 3, 5]
A info [0, 0, 0.2611185031781159, 0.2611185031781159, 1.4967832157838878, 3, 5]
Ha info [0, 0, -0.8376362657899278, -0.8376362657899278, 0.3980347122697625, 3, 5]
Hc info [0, 0, -0.2611122376810988, -0.2611122376810988, -0.4420472509225963, 5, 5]

grad info [5, 4, (1.033214909485717e-06+7.066288483912198e-20j), (-0.0020817136771058183+2.24466025950558e-20j), (-0.0020817136771058183+2.24466025950558e-20j), 0, 0]
energy info [0, 0, -1.1518566132018293e-06, -1.1518566132018293e-06, -3.0109248427834245e-13, 4, 5]
A info [4, 2, 0.2613336795785447, 0.47027740791851885, 1.4958892963349966, 1, 1]
Ha info [4, 2, -0.8375138311309066, -0.6285712546465189, 0.3970417834951848, 1, 1]
Hc info [4, 1, -0.3729750720462229, -0.47027625606190515, -1.4958892942036095, 1, 1]

grad info [5, 2, (-3.2385908625047824e-07-9.269112788983536e-21j), (-0.0004566124427664419-1.883988038751564e-19j), (-0.0004566124427664419-1.883988038751564e-19j), 0, 0]
energy info [0, 0, -6.98728270798199e-08, -6.98728270798199e-08, -5.1514348342607263e-14, 2, 5]
A info [1, 1, 0.261346706370643, 0.37299003909010914, 1.4958701039478628, 2, 4]
Ha info [1, 1, -0.8375019746178786, -0.725858711771188, 0.39702142086694175, 2, 4]
Hc info [1, 1, -0.2613467063705928, -0.37298996921728395, -0.4423391417942506, 4, 4]

grad info [5, 2, (1.9617176828194e-06-2.1875465833664753e-19j), (0.001466691495761071-4.488109139309215e-19j), (0.001466691495761071-4.488109139309215e-19j), 0, 0]
energy info [0, 0, -5.731551742105268e-07, -5.731551742105268e-07, -1.8416379532482097e-12, 2, 5]
A info [4, 2, 0.2613025779486185, 0.46915420052159185, 1.4949255705582638, 1, 1]
Ha info [4, 2, -0.8376527741558538, -0.6298017247362131, 0.3959701965288718, 1, 1]
Hc info [4, 1, -0.3712958868987707, -0.4691536273664183, -1.4949255486315027, 1, 1]

grad info [5, 1, (4.48136730996215e-06+1.128022742035507e-19j), (-0.0005218146469016813-9.134044271973054e-20j), (-0.0005218146469016813-9.134044271973054e-20j), 0, 0]
energy info [0, 0, -2.2770284990869527e-08, -2.2770284990869527e-08, -5.359490629075481e-12, 2, 5]
A info [5, 2, 0.261305699648178, 1.4947690357314243, 1.4947690357314243, 0, 0]
Ha info [5, 2, -0.8376701282679376, 0.39579318507534933, 0.39579318507534933, 0, 0]
Hc info [5, 1, -0.37148123697803015, -1.49476901296114, -1.49476901296114, 0, 0]

grad info [5, 3, (-1.802820316155031e-06-2.1258548731658842e-19j), (0.00042124929687090064-5.612234618893225e-20j), (0.00042124929687090064-5.612234618893225e-20j), 0, 0]
energy info [0, 0, -8.48843402234678e-08, -8.48843402234678e-08, -9.194867089945546e-13, 3, 5]
A info [0, 0, 0.2613129241923746, 0.2613129241923746, 1.4945222992688412, 3, 5]
Ha info [0, 0, -0.8376772461613934, -0.8376772461613934, 0.39553221379685155, 3, 5]
Hc info [0, 0, -0.2613128393080355, -0.2613128393080355, -0.4425693160851967, 5, 5]

grad info [5, 1, (1.2777260213715433e-07-1.3566869218726633e-19j), (2.57046172720838e-05+3.5923502126315005e-19j), (2.57046172720838e-05+3.5923502126315005e-19j), 0, 0]
energy info [0, 0, -1.870665844450059e-10, -1.870665844450059e-10, -5.995204332975845e-15, 1, 5]
A info [2, 2, 0.2613071245213498, 0.44150653974354825, 1.4944416835300804, 2, 3]
Ha info [2, 2, -0.8376872869455056, -0.6574878719072723, 0.395447272065949, 2, 3]
Hc info [2, 1, -0.37123145971238214, -0.4415065395564821, -0.4426093488562636, 3, 3]

grad info [5, 2, (-3.406007111936109e-07-8.029263905935518e-20j), (-0.00036151716961390604+1.028915486318434e-21j), (-0.00036151716961390604+1.028915486318434e-21j), 0, 0]
energy info [0, 0, -6.248888562154775e-08, -6.248888562154775e-08, -3.241851231905457e-14, 3, 5]
A info [0, 0, 0.26143584761472355, 0.26143584761472355, 1.4942002537867112, 3, 5]
Ha info [0, 0, -0.8375701231375842, -0.8375701231375842, 0.39519434552319793, 3, 5]
Hc info [0, 0, -0.2614357851258373, -0.2614357851258373, -0.44290505895810034, 5, 5]

grad info [5, 3, (1.1456337996355263e-06+1.3682454386163035e-21j), (5.3059733117250495e-05-4.694713797401515e-20j), (5.3059733117250495e-05-4.694713797401515e-20j), 0, 0]
energy info [0, 0, -2.35521824265561e-10, -2.35521824265561e-10, -3.61710661422876e-13, 2, 5]
A info [5, 2, 0.26142626050506, 1.494207132912698, 1.494207132912698, 0, 0]
Ha info [5, 2, -0.8375846296861805, 0.39519624248656476, 0.39519624248656476, 0, 0]
Hc info [5, 1, -0.3712978847971883, -1.494207132677177, -1.494207132677177, 0, 0]

grad info [5, 1, (-9.648746074512405e-07-7.912389816140955e-20j), (4.4939836460450733e-05+4.5368317523135374e-20j), (4.4939836460450733e-05+4.5368317523135374e-20j), 0, 0]
energy info [0, 0, -6.813531960858654e-10, -6.813531960858654e-10, -2.469136006766348e-13, 1, 5]
A info [1, 1, 0.26136120921980344, 0.3705100661571788, 1.4939039893300456, 2, 4]
Ha info [1, 1, -0.8377028735518611, -0.7285540169836174, 0.39483990686264736, 2, 4]
Hc info [1, 1, -0.26136120890758086, -0.37051006547582455, -0.44249397243144706, 4, 4]

grad info [5, 1, (-1.1441206164012133e-06-3.887056932251328e-19j), (6.4792503675272645e-06+7.017106835010081e-18j), (6.4792503675272645e-06+7.017106835010081e-18j), 0, 0]
energy info [0, 0, -1.4164003303562822e-11, -1.4164003303562822e-11, -3.497202527569243e-13, 1, 5]
A info [1, 1, 0.2613596739483693, 0.37050282533714796, 1.4939084890918075, 2, 4]
Ha info [1, 1, -0.837704410054219, -0.7285612586765932, 0.3948444050911632, 2, 4]
Hc info [1, 1, -0.26135967394535903, -0.37050282532298456, -0.4424934732241426, 4, 4]
repeats 1
optimal op IYIX	(1+0j)

time 2884.0231409072876
finished 17
result info:
-1.0990640869101693
[-1.58140985 -2.35408422  1.42345352 -1.34752484 -0.80681097  3.10844361
 -1.76583768  0.81996602  2.08194846 -2.12599674  1.560609    2.0316428
  2.51010313  1.5542871   3.12919697  1.71884176 -0.89604041  2.4033555
  1.49740803]
