
grad info [5, 2, (-9.973287103909897e-17+0j), (0.06698689139427588+0j), (0.06698689139427588+0j), 0, 0]
energy info [0, 0, -0.001505078836373519, -0.001505078836373519, -2.220446049250313e-16, 1, 5]
A info [4, 1, 0.2667268451680611, 0.3734276703004714, 0.43450459396803554, 1, 1]
Ha info [4, 1, -0.8146791494179756, -0.7094834031219386, -0.646901400618001, 1, 1]
Hc info [4, 1, -0.2667268451680611, -0.3719225914640981, -0.43450459396803554, 1, 1]

grad info [4, 2, (-5.5635073301779636e-08-9.388388187731009e-35j), (0.03359451026258431+3.028172228255591e-34j), (0.03359451026258431+3.028172228255591e-34j), 0, 0]
energy info [0, 0, -0.00040408161447325064, -0.00040408161447325064, -1.3322676295501878e-15, 2, 4]
A info [2, 1, 0.26559910397573416, 0.3493243094776786, 0.4350834485357118, 1, 2]
Ha info [2, 1, -0.8173119790671982, -0.7339908455592034, -0.6478282796343775, 1, 2]
Hc info [2, 1, -0.2655990943552109, -0.34892022786320553, -0.37342767030047036, 2, 2]

grad info [5, 3, (-4.673026562929117e-08-1.0369530474733469e-33j), (-0.0034054051545168427-1.0749591588393338e-34j), (-0.0034054051545168427-1.0749591588393338e-34j), 0, 0]
energy info [0, 0, -5.39239673491565e-06, -5.39239673491565e-06, -1.5543122344752192e-15, 2, 5]
A info [1, 1, 0.2657738674471496, 0.2688252819010392, 0.4353482003618126, 2, 4]
Ha info [1, 1, -0.8175498715109412, -0.8145035927608026, -0.6479764962624935, 2, 4]
Hc info [1, 1, -0.26577361075416633, -0.26881988950430474, -0.37378956781542255, 4, 4]

grad info [5, 3, (-3.685828836568622e-07-3.001459769962846e-23j), (0.0020692526555924585-1.6054048421028947e-23j), (0.0020692526555924585-1.6054048421028947e-23j), 0, 0]
energy info [0, 0, -1.2282382571005002e-06, -1.2282382571005002e-06, -6.350475700855895e-14, 3, 5]
A info [5, 1, 0.2657519430814826, 0.4357677107026652, 0.4357677107026652, 0, 0]
Ha info [5, 1, -0.8175772049721952, -0.647562407190166, -0.647562407190166, 0, 0]
Hc info [5, 1, -0.2657516846823795, -0.43576648246440836, -0.43576648246440836, 0, 0]

grad info [5, 3, (5.2067599756906724e-08+1.0281817275224944e-23j), (0.0007438207573499901-1.9725659851464654e-23j), (0.0007438207573499901-1.9725659851464654e-23j), 0, 0]
energy info [0, 0, -2.6025968846710157e-07, -2.6025968846710157e-07, -3.552713678800501e-15, 2, 5]
A info [0, 0, 0.26572958410736985, 0.26572958410736985, 0.43576849190476835, 3, 5]
Ha info [0, 0, -0.8176008067770637, -0.8176008067770637, -0.6475616387207499, 3, 5]
Hc info [0, 0, -0.26572932384768144, -0.26572932384768144, -0.26883435491687546, 5, 5]

grad info [5, 1, (2.409448133315053e-07-7.455846072205478e-20j), (0.000345927887315807+7.733244275937268e-22j), (0.000345927887315807+7.733244275937268e-22j), 0, 0]
energy info [0, 0, -5.563977145683907e-08, -5.563977145683907e-08, -2.731148640577885e-14, 1, 5]
A info [1, 1, 0.2657291307762867, 0.26884122694754886, 0.43576786678641577, 3, 4]
Ha info [1, 1, -0.8176012602823052, -0.8144892197507871, -0.6475625242724209, 3, 4]
Hc info [1, 1, -0.26572913077625937, -0.2688411713077773, -0.37376726622097967, 4, 4]

grad info [5, 2, (5.36095772336008e-08+2.1464886340077895e-19j), (0.0020297810919036254-6.173210850513491e-19j), (0.0020297810919036254-6.173210850513491e-19j), 0, 0]
energy info [0, 0, -1.3876966906689603e-06, -1.3876966906689603e-06, -1.1102230246251565e-15, 2, 5]
A info [3, 1, 0.25887550147022775, 0.37112027190745933, 0.4426556448298553, 1, 2]
Ha info [3, 1, -0.8380568416583117, -0.725813458917595, -0.6542766982985094, 1, 2]
Hc info [3, 1, -0.25887550147005256, -0.37111888421076916, -0.3809770420478194, 2, 2]

grad info [5, 4, (-8.101598771032698e-07-1.9612540613500895e-18j), (0.00020871516356860131+4.21973849379087e-19j), (0.00020871516356860131+4.21973849379087e-19j), 0, 0]
energy info [0, 0, -1.4291083649808911e-08, -1.4291083649808911e-08, -2.8377300509419e-13, 4, 5]
A info [4, 1, 0.25887545646817767, 0.3810244743557254, 0.4426646947724423, 1, 1]
Ha info [4, 1, -0.8380643033931907, -0.7159152997332182, -0.6542750654094601, 1, 1]
Hc info [4, 1, -0.2588754564046693, -0.38102446006464197, -0.4426646943883999, 1, 1]

grad info [5, 2, (1.5000091501196633e-07-3.253453840619478e-19j), (0.005999802620923004-2.2400857405637154e-20j), (0.005999802620923004-2.2400857405637154e-20j), 0, 0]
energy info [0, 0, -1.7240969243159654e-05, -1.7240969243159654e-05, -7.105427357601002e-15, 2, 5]
A info [0, 0, 0.2609976561203694, 0.2609976561203694, 0.44394913642085443, 2, 5]
Ha info [0, 0, -0.8377887467562463, -0.8377887467562463, -0.6548200616855726, 2, 5]
Hc info [0, 0, -0.260980415151126, -0.260980415151126, -0.29140373417350385, 5, 5]

grad info [5, 1, (-7.291310266887251e-07+6.32982658093814e-20j), (-0.003947991042424248-1.666725335015731e-20j), (-0.003947991042424248-1.666725335015731e-20j), 0, 0]
energy info [0, 0, -6.683279731856118e-06, -6.683279731856118e-06, -2.5490720645393594e-13, 1, 5]
A info [1, 1, 0.2609888248627987, 0.2915262520899039, 0.4439908710407755, 2, 4]
Ha info [1, 1, -0.8377981317019532, -0.8072673877543249, -0.654796135223917, 2, 4]
Hc info [1, 1, -0.26098882486254404, -0.2915195688101717, -0.38551150118050453, 4, 4]

grad info [5, 1, (-3.216321799973283e-07-4.92690910399454e-22j), (0.00042566768148756713-3.818807816739678e-21j), (0.00042566768148756713-3.818807816739678e-21j), 0, 0]
energy info [0, 0, -5.0958202102435735e-08, -5.0958202102435735e-08, -4.8627768478581856e-14, 1, 5]
A info [5, 1, 0.260960681408926, 0.44446471579956426, 0.44446471579956426, 0, 0]
Ha info [5, 1, -0.8378333270574262, -0.6543293436249412, -0.6543293436249412, 0, 0]
Hc info [5, 1, -0.2609606814088764, -0.4444646648413613, -0.4444646648413613, 0, 0]

grad info [5, 3, (-6.544248485943448e-07+5.089057227747801e-19j), (-0.0012479727414881929-4.880781469221431e-19j), (-0.0012479727414881929-4.880781469221431e-19j), 0, 0]
energy info [0, 0, -5.265127058784458e-07, -5.265127058784458e-07, -1.829647544582258e-13, 3, 5]
A info [2, 1, 0.26103857288430266, 0.36975296468276275, 0.4452687066667865, 2, 3]
Ha info [2, 1, -0.8378540030149073, -0.729140137725491, -0.6536238692302669, 2, 3]
Hc info [2, 1, -0.2610385728806404, -0.3697524381700566, -0.38594396213164256, 3, 3]

grad info [5, 3, (-2.0136392637579593e-06-1.1659414198935004e-19j), (-0.0005829985208099875+9.051142700307891e-20j), (-0.0005829985208099875+9.051142700307891e-20j), 0, 0]
energy info [0, 0, -1.1402979072094865e-07, -1.1402979072094865e-07, -1.6300294447546548e-12, 2, 5]
A info [3, 1, 0.2609903701839915, 0.3725861109115063, 0.4452359095047484, 1, 2]
Ha info [3, 1, -0.8379446915584671, -0.7263490648517574, -0.6536991522504544, 1, 2]
Hc info [3, 1, -0.2609903701750073, -0.3725859968817165, -0.38584822387115614, 2, 2]

grad info [5, 2, (1.5831301950429942e-06-6.934049207936513e-20j), (-0.0026262592778251324-5.618625677398731e-19j), (-0.0026262592778251324-5.618625677398731e-19j), 0, 0]
energy info [0, 0, -2.948832298343973e-06, -2.948832298343973e-06, -8.451017663446692e-13, 2, 5]
A info [1, 1, 0.2613933455560036, 0.2923730428752958, 0.44507357204599796, 2, 4]
Ha info [1, 1, -0.8376627049075078, -0.8066858474418223, -0.653982369485754, 2, 4]
Hc info [1, 1, -0.26139323657731134, -0.29237009404299713, -0.38662631594463537, 4, 4]

grad info [5, 3, (-3.7230605650006784e-06-3.367289599123189e-21j), (-1.2510979969321268e-05+3.8335958544379966e-18j), (-1.2510979969321268e-05+3.8335958544379966e-18j), 0, 0]
energy info [0, 0, -5.0604853640834335e-11, -5.0604853640834335e-11, -3.8904435228914735e-12, 3, 5]
A info [4, 1, 0.2613707551405782, 0.3866368856487441, 0.44538821614021623, 1, 1]
Ha info [4, 1, -0.837692856173392, -0.7124267256751429, -0.6536753951369563, 1, 1]
Hc info [4, 1, -0.26137075509989016, -0.3866368855981396, -0.44538821613632606, 1, 1]

grad info [5, 1, (4.0234650045228686e-06-1.2743323491376267e-19j), (-3.281167720739801e-05-2.1509424075795168e-20j), (-3.281167720739801e-05-2.1509424075795168e-20j), 0, 0]
energy info [0, 0, -5.1489945640526e-10, -5.1489945640526e-10, -5.46096501352622e-12, 1, 5]
A info [0, 0, 0.261363130500914, 0.261363130500914, 0.44538005962615446, 3, 5]
Ha info [0, 0, -0.8377009549842336, -0.8377009549842336, -0.6536840253654812, 3, 5]
Hc info [0, 0, -0.2613631299860144, -0.2613631299860144, -0.2923545386512122, 5, 5]

grad info [5, 3, (-1.686328035426822e-07-3.5796141973754505e-19j), (5.983430501867865e-06+4.95494075072942e-19j), (5.983430501867865e-06+4.95494075072942e-19j), 0, 0]
energy info [0, 0, -1.1574519120927107e-11, -1.1574519120927107e-11, -1.2656542480726785e-14, 3, 5]
A info [4, 1, 0.2613636767417113, 0.38664195164311665, 0.44538286495268037, 1, 1]
Ha info [4, 1, -0.837700410963232, -0.7124221360680149, -0.6536812227515841, 1, 1]
Hc info [4, 1, -0.26136367673632543, -0.38664195163154214, -0.4453828649479734, 1, 1]

grad info [5, 4, (-1.9136343891792973e-07+2.8101085342866713e-19j), (-1.9452049567721553e-05-3.033477624785543e-19j), (-1.9452049567721553e-05-3.033477624785543e-19j), 0, 0]
energy info [0, 0, -1.276569960850793e-10, -1.276569960850793e-10, -1.2212453270876722e-14, 4, 5]
A info [2, 1, 0.2613633366351364, 0.3705075277413022, 0.44538384251903046, 2, 3]
Ha info [2, 1, -0.837700751051924, -0.7285565600227065, -0.6536802451181443, 2, 3]
Hc info [2, 1, -0.2613633365844278, -0.37050752761364547, -0.386644231951874, 3, 3]

grad info [5, 2, (-3.1737560533583523e-06-4.570822680811542e-19j), (2.535730989179164e-05+1.1314690546656722e-18j), (2.535730989179164e-05+1.1314690546656722e-18j), 0, 0]
energy info [0, 0, -2.749180882943847e-10, -2.749180882943847e-10, -3.397726544562829e-12, 2, 5]
A info [1, 1, 0.26136281073505646, 0.29235662388213546, 0.4453862483749051, 3, 4]
Ha info [1, 1, -0.8377012768118767, -0.806707463928952, -0.6536778391886928, 3, 4]
Hc info [1, 1, -0.2613628107242925, -0.2923566236072173, -0.38664006933834516, 4, 4]
repeats 1
optimal op XYII	(1+0j)

time 3315.4738924503326
finished 18
result info:
-1.0990640885410392
[-3.0147875  -3.08497957  1.84511191 -1.3379929   3.03448802 -2.69372131
  3.03731337 -2.81166307 -0.87175398 -2.71395643  2.76337726 -0.21619667
 -1.79068705  1.48604273 -1.91860764 -1.06851135  2.65544788  2.17842817
  1.01098137  0.17737926]
